--------------- Ox at 10:04:13 on 21-Sep-2014 ---------------

Ox Console version 7.01 (Windows/U) (C) J.A. Doornik, 1994-2013
This version may be used for academic research and teaching only

 niqlow version 1.00 Copyright (C) 2011-2014 Christopher Ferrall.
 Execution of niqlow implies acceptance of its free software License (niqlow/niqlow-license.txt).
Warning: SetUpdateTime: Setting update time to AfterFixed. Transitions and actual values can depend on fixed effect values but not random effects.  If they do, results are not reliable.
-------------------- DP Model Summary ------------------------
Clock Class: 6 Description: Uncertain Longevity (finite horizon until last period which ends randomly)
STATE VARIABLES
              |eps   |eta |theta -clock        |gamma
              s11    s21     HC      t     t'      r      f
       s.N      1      1      5     22      2      1      1


Transition Categories (not counting fixed)
                 NonRandom       Random   Coevolving
     #Vars               0            1            2

Size of Spaces
                           N
        Exogenous          1
    SemiExogenous          1
       Endogenous          5
            Times         22
    EV()Iterating         10
    Ch.Prob.track        110
     Random Groups         1
     Fixed Groups          1
    TotalUntrimmed       110

ACTION VARIABLES (3 distinct actions)
          work
    i.N      3


 Trimming 
                           N
    TotalReachable       110
         Terminal          0

ACTION SETS
    alpha       A[0]   
    (0)           X    
    (1)           X    
    (2)           X    
#States         110
    Key: X = row vector is feasible. - = infeasible

                           
   0   0   0       1.000000
4 0
       9.0000
       1.0000
       1.0000
       1.0000
3 0
       8.0000
       1.0000
       1.0000
       1.0000
2 0
       7.0000
       1.0000
       1.0000
       1.0000
1 0
       6.0000
       1.0000
       1.0000
       1.0000
0 0
       6.0000
       1.0000
       1.0000
       1.0000
4 0
       9.0000
       1.0000
       1.0000
       1.0000
3 0
       8.0000
       1.0000
       1.0000
       1.0000
2 0
       7.0000
       1.0000
       1.0000
       1.0000
1 0
       6.0000
       1.0000
       1.0000
       1.0000
0 0
       6.0000
       1.0000
       1.0000
       1.0000
4 0
       9.0000       8.0000
      0.24000      0.52000
      0.26000      0.48000
      0.69000      0.12000
3 0
       9.0000       8.0000       7.0000
      0.24000      0.24000      0.52000
      0.26000      0.26000      0.48000
      0.19000      0.69000      0.12000
2 0
       8.0000       7.0000       6.0000
      0.24000      0.24000      0.52000
      0.26000      0.26000      0.48000
      0.19000      0.69000      0.12000
1 0
       7.0000       6.0000       5.0000
      0.24000      0.24000      0.52000
      0.26000      0.26000      0.48000
      0.19000      0.69000      0.12000
0 0
       6.0000       5.0000
      0.24000      0.76000
      0.26000      0.74000
      0.19000      0.81000
4 0
       9.0000       8.0000
      0.24000      0.52000
      0.26000      0.48000
      0.69000      0.12000
3 0
       9.0000       8.0000       7.0000
      0.24000      0.24000      0.52000
      0.26000      0.26000      0.48000
      0.19000      0.69000      0.12000
2 0
       8.0000       7.0000       6.0000
      0.24000      0.24000      0.52000
      0.26000      0.26000      0.48000
      0.19000      0.69000      0.12000
1 0
       7.0000       6.0000       5.0000
      0.24000      0.24000      0.52000
      0.26000      0.26000      0.48000
      0.19000      0.69000      0.12000
0 0
       6.0000       5.0000
      0.24000      0.76000
      0.26000      0.74000
      0.19000      0.81000
4 0
       9.0000       8.0000
      0.24000      0.52000
      0.26000      0.48000
      0.69000      0.12000
3 0
       9.0000       8.0000       7.0000
      0.24000      0.24000      0.52000
      0.26000      0.26000      0.48000
      0.19000      0.69000      0.12000
2 0
       8.0000       7.0000       6.0000
      0.24000      0.24000      0.52000
      0.26000      0.26000      0.48000
      0.19000      0.69000      0.12000
1 0
       7.0000       6.0000       5.0000
      0.24000      0.24000      0.52000
      0.26000      0.26000      0.48000
      0.19000      0.69000      0.12000
0 0
       6.0000       5.0000
      0.24000      0.76000
      0.26000      0.74000
      0.19000      0.81000
4 0
       9.0000       8.0000
      0.24000      0.52000
      0.26000      0.48000
      0.69000      0.12000
3 0
       9.0000       8.0000       7.0000
      0.24000      0.24000      0.52000
      0.26000      0.26000      0.48000
      0.19000      0.69000      0.12000
2 0
       8.0000       7.0000       6.0000
      0.24000      0.24000      0.52000
      0.26000      0.26000      0.48000
      0.19000      0.69000      0.12000
1 0
       7.0000       6.0000       5.0000
      0.24000      0.24000      0.52000
      0.26000      0.26000      0.48000
      0.19000      0.69000      0.12000
0 0
       6.0000       5.0000
      0.24000      0.76000
      0.26000      0.74000
      0.19000      0.81000
4 0
       9.0000       8.0000
      0.24000      0.52000
      0.26000      0.48000
      0.69000      0.12000
3 0
       9.0000       8.0000       7.0000
      0.24000      0.24000      0.52000
      0.26000      0.26000      0.48000
      0.19000      0.69000      0.12000
2 0
       8.0000       7.0000       6.0000
      0.24000      0.24000      0.52000
      0.26000      0.26000      0.48000
      0.19000      0.69000      0.12000
1 0
       7.0000       6.0000       5.0000
      0.24000      0.24000      0.52000
      0.26000      0.26000      0.48000
      0.19000      0.69000      0.12000
0 0
       6.0000       5.0000
      0.24000      0.76000
      0.26000      0.74000
      0.19000      0.81000
4 0
       9.0000       8.0000
      0.24000      0.52000
      0.26000      0.48000
      0.69000      0.12000
3 0
       9.0000       8.0000       7.0000
      0.24000      0.24000      0.52000
      0.26000      0.26000      0.48000
      0.19000      0.69000      0.12000
2 0
       8.0000       7.0000       6.0000
      0.24000      0.24000      0.52000
      0.26000      0.26000      0.48000
      0.19000      0.69000      0.12000
1 0
       7.0000       6.0000       5.0000
      0.24000      0.24000      0.52000
      0.26000      0.26000      0.48000
      0.19000      0.69000      0.12000
0 0
       6.0000       5.0000
      0.24000      0.76000
      0.26000      0.74000
      0.19000      0.81000
4 0
       9.0000       8.0000
      0.24000      0.52000
      0.26000      0.48000
      0.69000      0.12000
3 0
       9.0000       8.0000       7.0000
      0.24000      0.24000      0.52000
      0.26000      0.26000      0.48000
      0.19000      0.69000      0.12000
2 0
       8.0000       7.0000       6.0000
      0.24000      0.24000      0.52000
      0.26000      0.26000      0.48000
      0.19000      0.69000      0.12000
1 0
       7.0000       6.0000       5.0000
      0.24000      0.24000      0.52000
      0.26000      0.26000      0.48000
      0.19000      0.69000      0.12000
0 0
       6.0000       5.0000
      0.24000      0.76000
      0.26000      0.74000
      0.19000      0.81000
4 0
       9.0000       8.0000
      0.24000      0.52000
      0.26000      0.48000
      0.69000      0.12000
3 0
       9.0000       8.0000       7.0000
      0.24000      0.24000      0.52000
      0.26000      0.26000      0.48000
      0.19000      0.69000      0.12000
2 0
       8.0000       7.0000       6.0000
      0.24000      0.24000      0.52000
      0.26000      0.26000      0.48000
      0.19000      0.69000      0.12000
1 0
       7.0000       6.0000       5.0000
      0.24000      0.24000      0.52000
      0.26000      0.26000      0.48000
      0.19000      0.69000      0.12000
0 0
       6.0000       5.0000
      0.24000      0.76000
      0.26000      0.74000
      0.19000      0.81000
4 0
       9.0000       8.0000
      0.24000      0.52000
      0.26000      0.48000
      0.69000      0.12000
3 0
       9.0000       8.0000       7.0000
      0.24000      0.24000      0.52000
      0.26000      0.26000      0.48000
      0.19000      0.69000      0.12000
2 0
       8.0000       7.0000       6.0000
      0.24000      0.24000      0.52000
      0.26000      0.26000      0.48000
      0.19000      0.69000      0.12000
1 0
       7.0000       6.0000       5.0000
      0.24000      0.24000      0.52000
      0.26000      0.26000      0.48000
      0.19000      0.69000      0.12000
0 0
       6.0000       5.0000
      0.24000      0.76000
      0.26000      0.74000
      0.19000      0.81000
4 0
       9.0000       8.0000
      0.24000      0.52000
      0.26000      0.48000
      0.69000      0.12000
3 0
       9.0000       8.0000       7.0000
      0.24000      0.24000      0.52000
      0.26000      0.26000      0.48000
      0.19000      0.69000      0.12000
2 0
       8.0000       7.0000       6.0000
      0.24000      0.24000      0.52000
      0.26000      0.26000      0.48000
      0.19000      0.69000      0.12000
1 0
       7.0000       6.0000       5.0000
      0.24000      0.24000      0.52000
      0.26000      0.26000      0.48000
      0.19000      0.69000      0.12000
0 0
       6.0000       5.0000
      0.24000      0.76000
      0.26000      0.74000
      0.19000      0.81000
4 0
       9.0000       8.0000
      0.24000      0.52000
      0.26000      0.48000
      0.69000      0.12000
3 0
       9.0000       8.0000       7.0000
      0.24000      0.24000      0.52000
      0.26000      0.26000      0.48000
      0.19000      0.69000      0.12000
2 0
       8.0000       7.0000       6.0000
      0.24000      0.24000      0.52000
      0.26000      0.26000      0.48000
      0.19000      0.69000      0.12000
1 0
       7.0000       6.0000       5.0000
      0.24000      0.24000      0.52000
      0.26000      0.26000      0.48000
      0.19000      0.69000      0.12000
0 0
       6.0000       5.0000
      0.24000      0.76000
      0.26000      0.74000
      0.19000      0.81000
4 0
       9.0000       8.0000
      0.24000      0.52000
      0.26000      0.48000
      0.69000      0.12000
3 0
       9.0000       8.0000       7.0000
      0.24000      0.24000      0.52000
      0.26000      0.26000      0.48000
      0.19000      0.69000      0.12000
2 0
       8.0000       7.0000       6.0000
      0.24000      0.24000      0.52000
      0.26000      0.26000      0.48000
      0.19000      0.69000      0.12000
1 0
       7.0000       6.0000       5.0000
      0.24000      0.24000      0.52000
      0.26000      0.26000      0.48000
      0.19000      0.69000      0.12000
0 0
       6.0000       5.0000
      0.24000      0.76000
      0.26000      0.74000
      0.19000      0.81000
4 0
       9.0000       8.0000
      0.24000      0.52000
      0.26000      0.48000
      0.69000      0.12000
3 0
       9.0000       8.0000       7.0000
      0.24000      0.24000      0.52000
      0.26000      0.26000      0.48000
      0.19000      0.69000      0.12000
2 0
       8.0000       7.0000       6.0000
      0.24000      0.24000      0.52000
      0.26000      0.26000      0.48000
      0.19000      0.69000      0.12000
1 0
       7.0000       6.0000       5.0000
      0.24000      0.24000      0.52000
      0.26000      0.26000      0.48000
      0.19000      0.69000      0.12000
0 0
       6.0000       5.0000
      0.24000      0.76000
      0.26000      0.74000
      0.19000      0.81000
4 0
       9.0000       8.0000
      0.24000      0.52000
      0.26000      0.48000
      0.69000      0.12000
3 0
       9.0000       8.0000       7.0000
      0.24000      0.24000      0.52000
      0.26000      0.26000      0.48000
      0.19000      0.69000      0.12000
2 0
       8.0000       7.0000       6.0000
      0.24000      0.24000      0.52000
      0.26000      0.26000      0.48000
      0.19000      0.69000      0.12000
1 0
       7.0000       6.0000       5.0000
      0.24000      0.24000      0.52000
      0.26000      0.26000      0.48000
      0.19000      0.69000      0.12000
0 0
       6.0000       5.0000
      0.24000      0.76000
      0.26000      0.74000
      0.19000      0.81000
4 0
       9.0000       8.0000
      0.24000      0.52000
      0.26000      0.48000
      0.69000      0.12000
3 0
       9.0000       8.0000       7.0000
      0.24000      0.24000      0.52000
      0.26000      0.26000      0.48000
      0.19000      0.69000      0.12000
2 0
       8.0000       7.0000       6.0000
      0.24000      0.24000      0.52000
      0.26000      0.26000      0.48000
      0.19000      0.69000      0.12000
1 0
       7.0000       6.0000       5.0000
      0.24000      0.24000      0.52000
      0.26000      0.26000      0.48000
      0.19000      0.69000      0.12000
0 0
       6.0000       5.0000
      0.24000      0.76000
      0.26000      0.74000
      0.19000      0.81000
4 0
       9.0000       8.0000
      0.24000      0.52000
      0.26000      0.48000
      0.69000      0.12000
3 0
       9.0000       8.0000       7.0000
      0.24000      0.24000      0.52000
      0.26000      0.26000      0.48000
      0.19000      0.69000      0.12000
2 0
       8.0000       7.0000       6.0000
      0.24000      0.24000      0.52000
      0.26000      0.26000      0.48000
      0.19000      0.69000      0.12000
1 0
       7.0000       6.0000       5.0000
      0.24000      0.24000      0.52000
      0.26000      0.26000      0.48000
      0.19000      0.69000      0.12000
0 0
       6.0000       5.0000
      0.24000      0.76000
      0.26000      0.74000
      0.19000      0.81000
4 0
       9.0000       8.0000
      0.24000      0.52000
      0.26000      0.48000
      0.69000      0.12000
3 0
       9.0000       8.0000       7.0000
      0.24000      0.24000      0.52000
      0.26000      0.26000      0.48000
      0.19000      0.69000      0.12000
2 0
       8.0000       7.0000       6.0000
      0.24000      0.24000      0.52000
      0.26000      0.26000      0.48000
      0.19000      0.69000      0.12000
1 0
       7.0000       6.0000       5.0000
      0.24000      0.24000      0.52000
      0.26000      0.26000      0.48000
      0.19000      0.69000      0.12000
0 0
       6.0000       5.0000
      0.24000      0.76000
      0.26000      0.74000
      0.19000      0.81000
4 0
       9.0000       8.0000
      0.24000      0.52000
      0.26000      0.48000
      0.69000      0.12000
3 0
       9.0000       8.0000       7.0000
      0.24000      0.24000      0.52000
      0.26000      0.26000      0.48000
      0.19000      0.69000      0.12000
2 0
       8.0000       7.0000       6.0000
      0.24000      0.24000      0.52000
      0.26000      0.26000      0.48000
      0.19000      0.69000      0.12000
1 0
       7.0000       6.0000       5.0000
      0.24000      0.24000      0.52000
      0.26000      0.26000      0.48000
      0.19000      0.69000      0.12000
0 0
       6.0000       5.0000
      0.24000      0.76000
      0.26000      0.74000
      0.19000      0.81000
4 0
       9.0000       8.0000
      0.24000      0.52000
      0.26000      0.48000
      0.69000      0.12000
3 0
       9.0000       8.0000       7.0000
      0.24000      0.24000      0.52000
      0.26000      0.26000      0.48000
      0.19000      0.69000      0.12000
2 0
       8.0000       7.0000       6.0000
      0.24000      0.24000      0.52000
      0.26000      0.26000      0.48000
      0.19000      0.69000      0.12000
1 0
       7.0000       6.0000       5.0000
      0.24000      0.24000      0.52000
      0.26000      0.26000      0.48000
      0.19000      0.69000      0.12000
0 0
       6.0000       5.0000
      0.24000      0.76000
      0.26000      0.74000
      0.19000      0.81000
4 0
       9.0000       8.0000
      0.24000      0.52000
      0.26000      0.48000
      0.69000      0.12000
3 0
       9.0000       8.0000       7.0000
      0.24000      0.24000      0.52000
      0.26000      0.26000      0.48000
      0.19000      0.69000      0.12000
2 0
       8.0000       7.0000       6.0000
      0.24000      0.24000      0.52000
      0.26000      0.26000      0.48000
      0.19000      0.69000      0.12000
1 0
       7.0000       6.0000       5.0000
      0.24000      0.24000      0.52000
      0.26000      0.26000      0.48000
      0.19000      0.69000      0.12000
0 0
       6.0000       5.0000
      0.24000      0.76000
      0.26000      0.74000
      0.19000      0.81000
Transition time: 75.4

------------------------------------------------------------------------------
Index   T   A  HC   t rind         EV      |Choice Probabilities:                  
 109   0   0   4  21     0       0.000000 1.000000 1.000000 1.000000
 108   0   0   3  21     0       0.000000 1.000000 1.000000 1.000000
 107   0   0   2  21     0       0.000000 1.000000 1.000000 1.000000
 106   0   0   1  21     0       0.000000 1.000000 1.000000 1.000000
 105   0   0   0  21     0       0.000000 1.000000 1.000000 1.000000
 104   0   0   4  20     0       0.000000 0.000000137.96000219033.995626
 103   0   0   3  20     0       0.000000 0.000000137.95946619033.958631
 102   0   0   2  20     0       0.000000 0.000000137.95880119033.912732
 101   0   0   1  20     0       0.000000 0.000000137.95795319033.854278
 100   0   0   0  20     0       0.000000 0.000000137.95683819033.777299
  99   0   0   4  19     0       0.000000 0.000000137.96000219033.995626
  98   0   0   3  19     0       0.000000 0.000000137.95946619033.958631
  97   0   0   2  19     0       0.000000 0.000000137.95880119033.912732
  96   0   0   1  19     0       0.000000 0.000000137.95795319033.854278
  95   0   0   0  19     0       0.000000 0.000000137.95683819033.777299
  94   0   0   4  18     0       9.861204 0.000000 0.007196 0.992804
  93   0   0   3  18     0       9.861202 0.000000 0.007196 0.992804
  92   0   0   2  18     0       9.861199 0.000000 0.007196 0.992804
  91   0   0   1  18     0       9.861196 0.000000 0.007196 0.992804
  90   0   0   0  18     0       9.861192 0.000000 0.007196 0.992804
  89   0   0   4  17     0      17.445933 0.000000 0.003748 0.996252
  88   0   0   3  17     0      19.229344 0.000000 0.007196 0.992804
  87   0   0   2  17     0      19.229339 0.000000 0.007196 0.992804
  86   0   0   1  17     0      19.229333 0.000000 0.007196 0.992804
  85   0   0   0  17     0      19.229326 0.000000 0.007196 0.992804
  84   0   0   4  16     0      23.486108 0.000000 0.004163 0.995837
  83   0   0   3  16     0      27.806367 0.000000 0.006396 0.993604
  82   0   0   2  16     0      28.129072 0.000000 0.007196 0.992804
  81   0   0   1  16     0      28.129063 0.000000 0.007196 0.992804
  80   0   0   0  16     0      28.129053 0.000000 0.007196 0.992804
  79   0   0   4  15     0      28.425692 0.000000 0.006618 0.993382
  78   0   0   3  15     0      35.533065 0.000000 0.006036 0.993964
  77   0   0   2  15     0      36.525416 0.000000 0.007044 0.992956
  76   0   0   1  15     0      36.583807 0.000000 0.007196 0.992804
  75   0   0   0  15     0      36.583794 0.000000 0.007196 0.992804
  74   0   0   4  14     0      32.550158 0.000000 0.012290 0.987710
  73   0   0   3  14     0      42.446962 0.000000 0.006304 0.993696
  72   0   0   2  14     0      44.387558 0.000000 0.006874 0.993126
  71   0   0   1  14     0      44.605244 0.000000 0.007168 0.992832
  70   0   0   0  14     0      44.615799 0.000000 0.007196 0.992804
  69   0   0   4  13     0      36.053821 0.000000 0.023965 0.976035
  68   0   0   3  13     0      48.620711 0.000000 0.007236 0.992764
  67   0   0   2  13     0      51.703536 0.000000 0.006816 0.993184
  66   0   0   1  13     0      52.198011 0.000000 0.007119 0.992881
  65   0   0   0  13     0      52.244291 0.000000 0.007191 0.992809
  64   0   0   4  12     0      39.077359 0.000000 0.046233 0.953767
  63   0   0   3  12     0      54.135753 0.000000 0.008939 0.991061
  62   0   0   2  12     0      58.479225 0.000000 0.006944 0.993056
  61   0   0   1  12     0      59.365208 0.000000 0.007075 0.992925
  60   0   0   0  12     0      59.484893 0.000000 0.007174 0.992826
  59   0   0   4  11     0      41.729547 0.000000 0.085045 0.914955
  58   0   0   3  11     0      59.071753 0.000000 0.011625 0.988375
  57   0   0   2  11     0      64.733571 0.000000 0.007298 0.992702
  56   0   0   1  11     0      66.111740 0.000000 0.007069 0.992931
  55   0   0   0  11     0      66.350181 0.000000 0.007139 0.992861
  54   0   0   4  10     0      44.099023 0.000000 0.145418 0.854582
  53   0   0   3  10     0      63.503061 0.000000 0.015613 0.984387
  52   0   0   2  10     0      70.493961 0.000000 0.007906 0.992094
  51   0   0   1  10     0      72.445700 0.000000 0.007124 0.992876
  50   0   0   0  10     0      72.850712 0.000000 0.007083 0.992917
  49   0   0   4   9     0      46.258150 0.000000 0.227335 0.772665
  48   0   0   3   9     0      67.497973 0.000000 0.021321 0.978679
  47   0   0   2   9     0      75.792718 0.000000 0.008798 0.991202
  46   0   0   1   9     0      78.378557 0.000000 0.007258 0.992742
  45   0   0   0   9     0      78.996073 0.000000 0.007006 0.992994
  44   0   0   4   8     0      48.261328 0.000000 0.323187 0.676813
  43   0   0   3   8     0      71.118540 0.000000 0.029236 0.970764
  42   0   0   2   8     0      80.664703 0.000000 0.010008 0.989992
  41   0   0   1   8     0      83.924766 0.000000 0.007482 0.992518
  40   0   0   0   8     0      84.795710 0.000000 0.006908 0.993092
  39   0   0   4   7     0      50.143013 0.000000 0.420863 0.579137
  38   0   0   3   7     0      74.419783 0.000000 0.039840 0.960160
  37   0   0   2   7     0      85.145657 0.000000 0.011579 0.988421
  36   0   0   1   7     0      89.101178 0.000000 0.007799 0.992201
  35   0   0   0   7     0      90.259507 0.000000 0.006794 0.993206
  34   0   0   4   6     0      51.920504 0.000000 0.510280 0.489720
  33   0   0   3   6     0      77.448546 0.000000 0.053496 0.946504
  32   0   0   2   6     0      89.270906 0.000000 0.013553 0.986447
  31   0   0   1   6     0      93.926417 0.000000 0.008212 0.991788
  30   0   0   0   6     0      95.398112 0.000000 0.006666 0.993334
  29   0   0   4   5     0      53.600893 0.000000 0.586826 0.413174
  28   0   0   3   5     0      80.242979 0.000000 0.070346 0.929654
  27   0   0   2   5     0      93.074228 0.000000 0.015969 0.984031
  26   0   0   1   5     0      98.420283 0.000000 0.008721 0.991279
  25   0   0   0   5     0     100.223086 0.000000 0.006529 0.993471
  24   0   0   4   4     0      55.187589 0.000000 0.650245 0.349755
  23   0   0   3   4     0      82.833275 0.000000 0.090263 0.909737
  22   0   0   2   4     0      96.586939 0.000000 0.018855 0.981145
  21   0   0   1   4     0     102.603166 0.000000 0.009322 0.990678
  20   0   0   0   4     0     104.746905 0.000000 0.006388 0.993612
  19   0   0   4   3     0      56.683798 0.000000 0.702207 0.297793
  18   0   0   3   3     0      85.243232 0.000000 0.112875 0.887125
  17   0   0   2   3     0      99.837358 0.000000 0.022224 0.977776
  16   0   0   1   3     0     106.495502 0.000000 0.010012 0.989988
  15   0   0   0   3     0     108.982851 0.000000 0.006246 0.993754
  14   0   0   4   2     0      58.093475 0.000000 0.744756 0.255244
  13   0   0   3   2     0      87.491885 0.000000 0.137640 0.862360
  12   0   0   2   2     0     102.850675 0.000000 0.026073 0.973927
  11   0   0   1   2     0     110.117304 0.000000 0.010781 0.989219
  10   0   0   0   2     0     112.944836 0.000000 0.006106 0.993894
   9   0   0   4   1     0      59.421175 0.000000 0.779718 0.220282
   8   0   0   3   1     0      89.594797 0.000000 0.163925 0.836075
   7   0   0   2   1     0     105.649102 0.000000 0.030378 0.969622
   6   0   0   1   1     0     113.487814 0.000000 0.011621 0.988379
   5   0   0   0   1     0     116.647183 0.000000 0.005970 0.994030
   4   0   0   4   0     0      57.905811 0.906691 0.093149 0.000160
   3   0   0   3   0     0      86.440624 0.760084 0.232774 0.007142
   2   0   0   2   0     0     101.083146 0.603773 0.330397 0.065829
   1   0   0   1   0     0     108.375826 0.454344 0.347187 0.198469
   0   0   0   0   0     0     111.227068 0.322201 0.303429 0.374370
------------------------------------------------------------------------------
4 0
       109.00
       1.0000
       1.0000
       1.0000
3 0
       108.00
       1.0000
       1.0000
       1.0000
2 0
       107.00
       1.0000
       1.0000
       1.0000
1 0
       106.00
       1.0000
       1.0000
       1.0000
0 0
       106.00
       1.0000
       1.0000
       1.0000
4 0
       104.00
       1.0000
       1.0000
       1.0000
3 0
       103.00
       1.0000
       1.0000
       1.0000
2 0
       102.00
       1.0000
       1.0000
       1.0000
1 0
       101.00
       1.0000
       1.0000
       1.0000
0 0
       101.00
       1.0000
       1.0000
       1.0000
4 0
       104.00       103.00
      0.24000      0.52000
      0.26000      0.48000
      0.69000      0.12000
3 0
       104.00       103.00       102.00
      0.24000      0.24000      0.52000
      0.26000      0.26000      0.48000
      0.19000      0.69000      0.12000
2 0
       103.00       102.00       101.00
      0.24000      0.24000      0.52000
      0.26000      0.26000      0.48000
      0.19000      0.69000      0.12000
1 0
       102.00       101.00       100.00
      0.24000      0.24000      0.52000
      0.26000      0.26000      0.48000
      0.19000      0.69000      0.12000
0 0
       101.00       100.00
      0.24000      0.76000
      0.26000      0.74000
      0.19000      0.81000
4 0
       99.000       98.000
      0.24000      0.52000
      0.26000      0.48000
      0.69000      0.12000
3 0
       99.000       98.000       97.000
      0.24000      0.24000      0.52000
      0.26000      0.26000      0.48000
      0.19000      0.69000      0.12000
2 0
       98.000       97.000       96.000
      0.24000      0.24000      0.52000
      0.26000      0.26000      0.48000
      0.19000      0.69000      0.12000
1 0
       97.000       96.000       95.000
      0.24000      0.24000      0.52000
      0.26000      0.26000      0.48000
      0.19000      0.69000      0.12000
0 0
       96.000       95.000
      0.24000      0.76000
      0.26000      0.74000
      0.19000      0.81000
4 0
       94.000       93.000
      0.24000      0.52000
      0.26000      0.48000
      0.69000      0.12000
3 0
       94.000       93.000       92.000
      0.24000      0.24000      0.52000
      0.26000      0.26000      0.48000
      0.19000      0.69000      0.12000
2 0
       93.000       92.000       91.000
      0.24000      0.24000      0.52000
      0.26000      0.26000      0.48000
      0.19000      0.69000      0.12000
1 0
       92.000       91.000       90.000
      0.24000      0.24000      0.52000
      0.26000      0.26000      0.48000
      0.19000      0.69000      0.12000
0 0
       91.000       90.000
      0.24000      0.76000
      0.26000      0.74000
      0.19000      0.81000
4 0
       89.000       88.000
      0.24000      0.52000
      0.26000      0.48000
      0.69000      0.12000
3 0
       89.000       88.000       87.000
      0.24000      0.24000      0.52000
      0.26000      0.26000      0.48000
      0.19000      0.69000      0.12000
2 0
       88.000       87.000       86.000
      0.24000      0.24000      0.52000
      0.26000      0.26000      0.48000
      0.19000      0.69000      0.12000
1 0
       87.000       86.000       85.000
      0.24000      0.24000      0.52000
      0.26000      0.26000      0.48000
      0.19000      0.69000      0.12000
0 0
       86.000       85.000
      0.24000      0.76000
      0.26000      0.74000
      0.19000      0.81000
4 0
       84.000       83.000
      0.24000      0.52000
      0.26000      0.48000
      0.69000      0.12000
3 0
       84.000       83.000       82.000
      0.24000      0.24000      0.52000
      0.26000      0.26000      0.48000
      0.19000      0.69000      0.12000
2 0
       83.000       82.000       81.000
      0.24000      0.24000      0.52000
      0.26000      0.26000      0.48000
      0.19000      0.69000      0.12000
1 0
       82.000       81.000       80.000
      0.24000      0.24000      0.52000
      0.26000      0.26000      0.48000
      0.19000      0.69000      0.12000
0 0
       81.000       80.000
      0.24000      0.76000
      0.26000      0.74000
      0.19000      0.81000
4 0
       79.000       78.000
      0.24000      0.52000
      0.26000      0.48000
      0.69000      0.12000
3 0
       79.000       78.000       77.000
      0.24000      0.24000      0.52000
      0.26000      0.26000      0.48000
      0.19000      0.69000      0.12000
2 0
       78.000       77.000       76.000
      0.24000      0.24000      0.52000
      0.26000      0.26000      0.48000
      0.19000      0.69000      0.12000
1 0
       77.000       76.000       75.000
      0.24000      0.24000      0.52000
      0.26000      0.26000      0.48000
      0.19000      0.69000      0.12000
0 0
       76.000       75.000
      0.24000      0.76000
      0.26000      0.74000
      0.19000      0.81000
4 0
       74.000       73.000
      0.24000      0.52000
      0.26000      0.48000
      0.69000      0.12000
3 0
       74.000       73.000       72.000
      0.24000      0.24000      0.52000
      0.26000      0.26000      0.48000
      0.19000      0.69000      0.12000
2 0
       73.000       72.000       71.000
      0.24000      0.24000      0.52000
      0.26000      0.26000      0.48000
      0.19000      0.69000      0.12000
1 0
       72.000       71.000       70.000
      0.24000      0.24000      0.52000
      0.26000      0.26000      0.48000
      0.19000      0.69000      0.12000
0 0
       71.000       70.000
      0.24000      0.76000
      0.26000      0.74000
      0.19000      0.81000
4 0
       69.000       68.000
      0.24000      0.52000
      0.26000      0.48000
      0.69000      0.12000
3 0
       69.000       68.000       67.000
      0.24000      0.24000      0.52000
      0.26000      0.26000      0.48000
      0.19000      0.69000      0.12000
2 0
       68.000       67.000       66.000
      0.24000      0.24000      0.52000
      0.26000      0.26000      0.48000
      0.19000      0.69000      0.12000
1 0
       67.000       66.000       65.000
      0.24000      0.24000      0.52000
      0.26000      0.26000      0.48000
      0.19000      0.69000      0.12000
0 0
       66.000       65.000
      0.24000      0.76000
      0.26000      0.74000
      0.19000      0.81000
4 0
       64.000       63.000
      0.24000      0.52000
      0.26000      0.48000
      0.69000      0.12000
3 0
       64.000       63.000       62.000
      0.24000      0.24000      0.52000
      0.26000      0.26000      0.48000
      0.19000      0.69000      0.12000
2 0
       63.000       62.000       61.000
      0.24000      0.24000      0.52000
      0.26000      0.26000      0.48000
      0.19000      0.69000      0.12000
1 0
       62.000       61.000       60.000
      0.24000      0.24000      0.52000
      0.26000      0.26000      0.48000
      0.19000      0.69000      0.12000
0 0
       61.000       60.000
      0.24000      0.76000
      0.26000      0.74000
      0.19000      0.81000
4 0
       59.000       58.000
      0.24000      0.52000
      0.26000      0.48000
      0.69000      0.12000
3 0
       59.000       58.000       57.000
      0.24000      0.24000      0.52000
      0.26000      0.26000      0.48000
      0.19000      0.69000      0.12000
2 0
       58.000       57.000       56.000
      0.24000      0.24000      0.52000
      0.26000      0.26000      0.48000
      0.19000      0.69000      0.12000
1 0
       57.000       56.000       55.000
      0.24000      0.24000      0.52000
      0.26000      0.26000      0.48000
      0.19000      0.69000      0.12000
0 0
       56.000       55.000
      0.24000      0.76000
      0.26000      0.74000
      0.19000      0.81000
4 0
       54.000       53.000
      0.24000      0.52000
      0.26000      0.48000
      0.69000      0.12000
3 0
       54.000       53.000       52.000
      0.24000      0.24000      0.52000
      0.26000      0.26000      0.48000
      0.19000      0.69000      0.12000
2 0
       53.000       52.000       51.000
      0.24000      0.24000      0.52000
      0.26000      0.26000      0.48000
      0.19000      0.69000      0.12000
1 0
       52.000       51.000       50.000
      0.24000      0.24000      0.52000
      0.26000      0.26000      0.48000
      0.19000      0.69000      0.12000
0 0
       51.000       50.000
      0.24000      0.76000
      0.26000      0.74000
      0.19000      0.81000
4 0
       49.000       48.000
      0.24000      0.52000
      0.26000      0.48000
      0.69000      0.12000
3 0
       49.000       48.000       47.000
      0.24000      0.24000      0.52000
      0.26000      0.26000      0.48000
      0.19000      0.69000      0.12000
2 0
       48.000       47.000       46.000
      0.24000      0.24000      0.52000
      0.26000      0.26000      0.48000
      0.19000      0.69000      0.12000
1 0
       47.000       46.000       45.000
      0.24000      0.24000      0.52000
      0.26000      0.26000      0.48000
      0.19000      0.69000      0.12000
0 0
       46.000       45.000
      0.24000      0.76000
      0.26000      0.74000
      0.19000      0.81000
4 0
       44.000       43.000
      0.24000      0.52000
      0.26000      0.48000
      0.69000      0.12000
3 0
       44.000       43.000       42.000
      0.24000      0.24000      0.52000
      0.26000      0.26000      0.48000
      0.19000      0.69000      0.12000
2 0
       43.000       42.000       41.000
      0.24000      0.24000      0.52000
      0.26000      0.26000      0.48000
      0.19000      0.69000      0.12000
1 0
       42.000       41.000       40.000
      0.24000      0.24000      0.52000
      0.26000      0.26000      0.48000
      0.19000      0.69000      0.12000
0 0
       41.000       40.000
      0.24000      0.76000
      0.26000      0.74000
      0.19000      0.81000
4 0
       39.000       38.000
      0.24000      0.52000
      0.26000      0.48000
      0.69000      0.12000
3 0
       39.000       38.000       37.000
      0.24000      0.24000      0.52000
      0.26000      0.26000      0.48000
      0.19000      0.69000      0.12000
2 0
       38.000       37.000       36.000
      0.24000      0.24000      0.52000
      0.26000      0.26000      0.48000
      0.19000      0.69000      0.12000
1 0
       37.000       36.000       35.000
      0.24000      0.24000      0.52000
      0.26000      0.26000      0.48000
      0.19000      0.69000      0.12000
0 0
       36.000       35.000
      0.24000      0.76000
      0.26000      0.74000
      0.19000      0.81000
4 0
       34.000       33.000
      0.24000      0.52000
      0.26000      0.48000
      0.69000      0.12000
3 0
       34.000       33.000       32.000
      0.24000      0.24000      0.52000
      0.26000      0.26000      0.48000
      0.19000      0.69000      0.12000
2 0
       33.000       32.000       31.000
      0.24000      0.24000      0.52000
      0.26000      0.26000      0.48000
      0.19000      0.69000      0.12000
1 0
       32.000       31.000       30.000
      0.24000      0.24000      0.52000
      0.26000      0.26000      0.48000
      0.19000      0.69000      0.12000
0 0
       31.000       30.000
      0.24000      0.76000
      0.26000      0.74000
      0.19000      0.81000
4 0
       29.000       28.000
      0.24000      0.52000
      0.26000      0.48000
      0.69000      0.12000
3 0
       29.000       28.000       27.000
      0.24000      0.24000      0.52000
      0.26000      0.26000      0.48000
      0.19000      0.69000      0.12000
2 0
       28.000       27.000       26.000
      0.24000      0.24000      0.52000
      0.26000      0.26000      0.48000
      0.19000      0.69000      0.12000
1 0
       27.000       26.000       25.000
      0.24000      0.24000      0.52000
      0.26000      0.26000      0.48000
      0.19000      0.69000      0.12000
0 0
       26.000       25.000
      0.24000      0.76000
      0.26000      0.74000
      0.19000      0.81000
4 0
       24.000       23.000
      0.24000      0.52000
      0.26000      0.48000
      0.69000      0.12000
3 0
       24.000       23.000       22.000
      0.24000      0.24000      0.52000
      0.26000      0.26000      0.48000
      0.19000      0.69000      0.12000
2 0
       23.000       22.000       21.000
      0.24000      0.24000      0.52000
      0.26000      0.26000      0.48000
      0.19000      0.69000      0.12000
1 0
       22.000       21.000       20.000
      0.24000      0.24000      0.52000
      0.26000      0.26000      0.48000
      0.19000      0.69000      0.12000
0 0
       21.000       20.000
      0.24000      0.76000
      0.26000      0.74000
      0.19000      0.81000
4 0
       19.000       18.000
      0.24000      0.52000
      0.26000      0.48000
      0.69000      0.12000
3 0
       19.000       18.000       17.000
      0.24000      0.24000      0.52000
      0.26000      0.26000      0.48000
      0.19000      0.69000      0.12000
2 0
       18.000       17.000       16.000
      0.24000      0.24000      0.52000
      0.26000      0.26000      0.48000
      0.19000      0.69000      0.12000
1 0
       17.000       16.000       15.000
      0.24000      0.24000      0.52000
      0.26000      0.26000      0.48000
      0.19000      0.69000      0.12000
0 0
       16.000       15.000
      0.24000      0.76000
      0.26000      0.74000
      0.19000      0.81000
4 0
       14.000       13.000
      0.24000      0.52000
      0.26000      0.48000
      0.69000      0.12000
3 0
       14.000       13.000       12.000
      0.24000      0.24000      0.52000
      0.26000      0.26000      0.48000
      0.19000      0.69000      0.12000
2 0
       13.000       12.000       11.000
      0.24000      0.24000      0.52000
      0.26000      0.26000      0.48000
      0.19000      0.69000      0.12000
1 0
       12.000       11.000       10.000
      0.24000      0.24000      0.52000
      0.26000      0.26000      0.48000
      0.19000      0.69000      0.12000
0 0
       11.000       10.000
      0.24000      0.76000
      0.26000      0.74000
      0.19000      0.81000
4 0
       9.0000       8.0000
      0.24000      0.52000
      0.26000      0.48000
      0.69000      0.12000
3 0
       9.0000       8.0000       7.0000
      0.24000      0.24000      0.52000
      0.26000      0.26000      0.48000
      0.19000      0.69000      0.12000
2 0
       8.0000       7.0000       6.0000
      0.24000      0.24000      0.52000
      0.26000      0.26000      0.48000
      0.19000      0.69000      0.12000
1 0
       7.0000       6.0000       5.0000
      0.24000      0.24000      0.52000
      0.26000      0.26000      0.48000
      0.19000      0.69000      0.12000
0 0
       6.0000       5.0000
      0.24000      0.76000
      0.26000      0.74000
      0.19000      0.81000

----------------------------
 Histogram of HC
t=0

 v      pct
 0 1.000000
 1 0.000000
 2 0.000000
 3 0.000000
 4 0.000000
  Average: 0

t=1

 v      pct
 0 0.227350
 1 0.772650
 2 0.000000
 3 0.000000
 4 0.000000
  Average: 0.77265

t=2

 v      pct
 0 0.190724
 1 0.713326
 2 0.095950
 3 0.000000
 4 0.000000
  Average: 0.905227

t=3

 v      pct
 0 0.172389
 1 0.661698
 2 0.153498
 3 0.012415
 4 0.000000
  Average: 1.00594

t=4

 v      pct
 0 0.159016
 1 0.622687
 2 0.188692
 3 0.027611
 4 0.001994
  Average: 1.09088

t=5

 v      pct
 0 0.149001
 1 0.591990
 2 0.210900
 3 0.042722
 4 0.004917
  Average: 1.16162

t=6

 v      pct
 0 0.141218
 1 0.567183
 2 0.225298
 3 0.056859
 4 0.007837
  Average: 1.2197

t=7

 v      pct
 0 0.134988
 1 0.546694
 2 0.234897
 3 0.069748
 4 0.010298
  Average: 1.26692

t=8

 v      pct
 0 0.129882
 1 0.529482
 2 0.241494
 3 0.081340
 4 0.012166
  Average: 1.30516

t=9

 v      pct
 0 0.125619
 1 0.514834
 2 0.246177
 3 0.091655
 4 0.013492
  Average: 1.33612

t=10

 v      pct
 0 0.122009
 1 0.502244
 2 0.249607
 3 0.100714
 4 0.014425
  Average: 1.3613

t=11

 v      pct
 0 0.118919
 1 0.491341
 2 0.252184
 3 0.108531
 4 0.015138
  Average: 1.38185

t=12

 v      pct
 0 0.116252
 1 0.481840
 2 0.254136
 3 0.115160
 4 0.015758
  Average: 1.39862

t=13

 v      pct
 0 0.113935
 1 0.473519
 2 0.255595
 3 0.120709
 4 0.016343
  Average: 1.41221

t=14

 v      pct
 0 0.111909
 1 0.466193
 2 0.256643
 3 0.125321
 4 0.016902
  Average: 1.42305

t=15

 v      pct
 0 0.110130
 1 0.459712
 2 0.257338
 3 0.129137
 4 0.017426
  Average: 1.4315

t=16

 v      pct
 0 0.108557
 1 0.453950
 2 0.257730
 3 0.132277
 4 0.017910
  Average: 1.43788

t=17

 v      pct
 0 0.107160
 1 0.448796
 2 0.257878
 3 0.134828
 4 0.018354
  Average: 1.44245

t=18

 v      pct
 0 0.105912
 1 0.444153
 2 0.257841
 3 0.136862
 4 0.018756
  Average: 1.44544

t=19

 v      pct
 0 0.104789
 1 0.439946
 2 0.257634
 3 0.138504
 4 0.019077
  Average: 1.44703

t=20

 v      pct
 01989.535273
 18360.980359
 24932.713275
 32680.747105
 4370.361945
  Average: 27750.1

t=21

 v      pct
 0 0.000000
 1198437986.809581
 294569345.223125
 351395063.932930
 47100562.770965
  Average: 5.70164e+008

t=22

 v      pct
 0 0.000000
 13804415822687.727500
 21813071337582.325900
 3985341956297.144040
 4136131674382.376080
  Average: 1.09311e+013

